1	1	1		160.333	151.023	0.138457	0.00176924
1	1	2		169.858	151.322	0.1613	0.00204374
1	1	3		151.645	149.573	0.122325	0.00160065
1	2	1		175.874	154.241	0.16295	0.00202759
1	2	2		168.275	152.212	0.210814	0.00241609
1	2	3		172.189	152.028	0.208968	0.0025324
1	3	1		158.869	152.996	0.19167	0.00236565
1	3	2		171.565	151.884	0.170283	0.00210285
1	3	3		162.288	150.809	0.178284	0.00219538
1	4	1		169.484	152.933	0.182456	0.0022038
1	4	2		169.347	153.22	0.193985	0.00237626
1	4	3		168.97	152.982	0.187721	0.00240276
1	5	1		175.419	152.468	0.224215	0.002803
1	5	2		164.864	151.781	0.139923	0.00172385
1	5	3		155.892	151.376	0.169188	0.00222961
1	6	1		186.288	162.42	0.1372	0.0016526
1	6	2		195.42	163.044	0.16356	0.001964
1	6	3		185.156	163.723	0.157306	0.00185601
2	1	1		162.341	151.02	0.164259	0.00204006
2	1	2		166.887	150.424	0.19035	0.00254762
2	1	3		180.976	149.573	0.17397	0.00215688
2	1	4		159.108	154.485	0.190613	0.00236837
2	1	5		168.572	152.247	0.18379	0.00224505
2	1	6		166.26	152.649	0.145925	0.00185681
2	1	7		172.281	152.69	0.172068	0.00212476
2	2	1		176.729	152.376	0.191497	0.00226488
2	2	2		178.228	152.076	0.221827	0.00279193
2	2	3		163.175	151.657	0.236634	0.0028801
2	2	4		170.992	155.495	0.160341	0.00202353
2	2	5		163.069	154.465	0.172911	0.00207665
2	2	6		171.428	153.539	0.196897	0.00233384
2	2	7		160.872	153.496	0.185275	0.0022568
2	3	1		188.3	149.876	0.196377	0.00248289
2	3	2		188.943	150.688	0.189717	0.00253747
2	3	3		180.946	150.563	0.201117	0.0026105
2	3	4		165.239	155.274	0.19723	0.00246892
2	3	5		165.574	153.414	0.175432	0.00216548
2	3	6		175.032	152.624	0.200648	0.002463
2	3	7		162.298	152.451	0.177078	0.00241692
2	4	1		166.351	152.29	0.269284	0.00311946
2	4	2		167.017	152.996	0.182123	0.00219873
2	4	3		174.575	151.533	0.181982	0.00222199
2	4	4		156.373	155.67	0.17318	0.00214611
2	4	5		165.314	154.06	0.157326	0.00198618
2	4	6		177.031	154.106	0.192633	0.00238087
2	4	7		175.826	154.037	0.176928	0.00209758
2	5	1		186.83	151.603	0.177955	0.00215369
2	5	2		183.012	150.529	0.211462	0.00274303
2	5	3		173.03	151.948	0.194211	0.00232936
2	5	4		194.955	153.803	0.213797	0.00237575
2	5	5		184.293	152.184	0.160438	0.00209523
2	5	6		193.923	151.523	0.2027	0.0025519
2	5	7		186.004	149.132	0.167816	0.00213602
2	6	1		184.303	163.338	0.190942	0.00231348
2	6	2		192.313	164.144	0.170217	0.0021782
2	6	3		194.284	164.391	0.158373	0.00187035
2	6	4		185.941	165.346	0.160996	0.00189502
2	6	5		203.128	165.141	0.175615	0.00195376
2	6	6		178.357	162.648	0.139466	0.00184308
2	6	7		190.517	165.417	0.153338	0.00186263
3	1	1		182.253	166.16	0.159802	0.00185749
3	1	2		163.773	163.883	0.15389	0.00193114
3	1	3		168.55	163.349	0.149786	0.0018991
3	1	4		164.049	163.823	0.136538	0.0017964
3	1	5		139.396	154.634	0.12855	0.00166483
3	1	6		175.379	166.306	0.117403	0.00149461
3	2	1		144.651	156.92	0.131161	0.00170804
3	2	2		168.147	164.001	0.15	0.00187398
3	2	3		135.043	157.622	0.127581	0.0016239
3	2	4		135.166	156.404	0.125837	0.00163826
3	2	5		159.886	161.527	0.13698	0.00170218
3	2	6		165.235	163.815	0.151038	0.00185368
3	3	1		163.805	162.339	0.146793	0.00183371
3	3	2		161.078	161.472	0.135501	0.00179799
3	3	3		162.01	161.745	0.139846	0.00174207
3	3	4		159.746	160.276	0.162597	0.00201073
3	3	5		140.401	155.131	0.126239	0.00156584
3	3	6		374.475	160.406	0.314728	0.00323172
3	4	1		129.825	158.061	0.131078	0.00167033
3	4	2		159.869	159.4	0.155759	0.00193662
3	4	3		139.825	158.943	0.148419	0.00188782
3	4	4		137.874	158.193	0.133236	0.00170684
3	4	5		136.705	153.657	0.126534	0.00150603
3	4	6		131.359	156.607	0.13787	0.00173206
3	5	1		166.788	143.662	0.117546	0.00145029
3	5	2		178.376	142.686	0.13218	0.0015691
3	5	3		168.669	144.92	0.123011	0.00152509
3	5	4		167.618	145.339	0.125331	0.0015473
3	5	5		170.441	143.31	0.154507	0.00184451
3	6	1		167.258	153.592	0.148264	0.00171225
3	6	2		168.272	153.312	0.126895	0.00158356
3	6	3		0	0	0	0
3	6	4		150.239	153.581	0.104544	0.00129182
3	6	5		181.329	155.647	0.123552	0.00144839
3	6	6		0	0	0	0
4	1	1		182.207	166.756	0.125581	0.00152453
4	1	2		168.991	165.135	0.11763	0.00145324
4	1	3		162.486	163.714	0.134551	0.00170898
4	1	4		129.789	154.274	0.113115	0.00138785
4	1	5		125.976	154.685	0.12991	0.00167369
4	1	6		163.871	163.868	0.119178	0.00146532
4	2	1		131.49	158.011	0.130495	0.00167206
4	2	2		153.912	162.044	0.118873	0.00144939
4	2	3		132.388	155.274	0.102874	0.0013706
4	2	4		154.42	162.965	0.138185	0.00182924
4	2	5		140.824	158.555	0.114305	0.00146646
4	2	6		152.814	161.016	0.117666	0.00155918
4	3	1		155.464	162.887	0.104671	0.00130247
4	3	2		123.509	157.119	0.12665	0.00163274
4	3	3		147.302	159.967	0.110634	0.00142813
4	3	4		147.025	159.764	0.118887	0.00149455
4	3	5		158.808	163.203	0.117568	0.00146959
4	3	6		158.021	158.883	0.107489	0.0014167
4	4	1		148.038	161.508	0.140091	0.00173443
4	4	2		147.215	161.225	0.11698	0.00151901
4	4	3		138.481	158.473	0.11831	0.00152805
4	4	4		135.806	157.331	0.108995	0.00139037
4	4	5		152.934	160.873	0.139532	0.00177767
4	4	6		120.139	153.234	0.108466	0.00143898
4	5	1		160.225	144.626	0.114185	0.00143673
4	5	2		158.497	143.238	0.117	0.0014519
4	5	3		168.278	144.839	0.109502	0.00131376
4	5	4		168.313	143.574	0.150259	0.00178759
4	5	5		169.546	144.138	0.112719	0.00131161
4	6	1		0	0	0	0
4	6	2		0	0	0	0
4	6	3		0	0	0	0
4	6	4		0	0	0	0
4	6	5		0	0	0	0
4	6	6		0	0	0	0
5	1	1		165.311	151.443	0.192666	0.00248906
5	1	2		166.014	153.796	0.165678	0.00204849
5	2	1		170.599	153.294	0.213429	0.00256423
5	2	2		183.532	154.192	0.186912	0.00229587
5	3	1		163.784	151.724	0.165473	0.00211012
5	3	2		171.396	152.333	0.177051	0.00220586
5	4	1		169.528	152.794	0.18793	0.00216727
5	4	2		181.245	154.012	0.208893	0.00257581
5	6	1		193.773	166.004	0.12826	0.00155649
5	6	2		193.707	165.262	0.181769	0.00211605
