  1            1            1            0.373835     0.00108689      
  1            1            2            0.468956     0.00109179      
  1            1            3            0.102592     0.000990286     
  2            1            1            0.0000       0.0000          
  2            1            2            0.208725     0.00124066      
  2            1            3            -0.284847    0.00099114      
  2            1            4            -0.827702    0.00103325      
  2            1            5            -1.26317     0.000968215     
  2            1            6            -1.02683     0.0011529       
  2            1            7            -1.2738      0.000927343     
  3            1            1            0.134859     0.00105535      
  3            1            2            0.236859     0.00103397      
  3            1            3            -0.0137225   0.00119407      
  3            1            4            0.226176     0.00106527      
  3            1            5            0.0976218    0.00116681      
  3            1            6            0.274489     0.00101701      
  4            1            1            -0.0185366   0.000962749     
  4            1            2            0.324071     0.000970338     
  4            1            3            0.154711     0.00105213      
  4            1            4            0.180022     0.000988118     
  4            1            5            0.500863     0.00100954      
  4            1            6            0.614828     0.00106722      
  5            1            1            0.125088     0.00120184      
  5            1            2            0.4403       0.00120997      
  1            2            1            -0.0136794   0.00107995      
  1            2            2            0.251364     0.000976468     
  1            2            3            -0.00754243   0.000993461     
  2            2            1            0.0000       0.0000          
  2            2            2            -0.260653    0.00125719      
  2            2            3            0.143632     0.00116866      
  2            2            4            0.0565419    0.00137416      
  2            2            5            0.0170696    0.00106405      
  2            2            6            -0.338661    0.000950817     
  2            2            7            -0.236511    0.00100755      
  3            2            1            0.410411     0.0020331       
  3            2            2            -0.169055    0.00153901      
  3            2            3            0.233925     0.00126465      
  3            2            4            0.533257     0.00115645      
  3            2            5            0.234935     0.00115183      
  3            2            6            0.122771     0.00102015      
  4            2            1            -0.204112    0.00140337      
  4            2            2            0.266266     0.00112917      
  4            2            3            0.210025     0.00167724      
  4            2            4            -0.733333    4.71216e-09     
  4            2            5            0.64059      0.00157357      
  4            2            6            0.170102     0.00169901      
  5            2            1            -0.0592194   0.00104801      
  5            2            2            -0.203959    0.00117233      
  1            3            1            0.681842     0.00117867      
  1            3            2            0.661452     0.00115388      
  1            3            3            0.430576     0.00102757      
  2            3            1            0.0000       0.0000          
  2            3            2            -0.143104    0.00218629      
  2            3            3            0.393209     0.00115833      
  2            3            4            -0.510797    0.00114285      
  2            3            5            -0.874047    0.00111896      
  2            3            6            -0.896083    0.00126741      
  2            3            7            -0.808182    0.00114732      
  3            3            1            0.683624     0.000998712     
  3            3            2            0.478067     0.00117138      
  3            3            3            0.877196     0.000955799     
  3            3            4            0.162453     0.00117017      
  3            3            5            0.733333     6.08337e-09     
  3            3            6            -0.00817032   0.00121003      
  4            3            1            0.53788      0.00123913      
  4            3            2            0.751795     0.0011702       
  4            3            3            0.665491     0.00100994      
  4            3            4            0.530911     0.000997441     
  4            3            5            0.540016     0.00110925      
  4            3            6            0.594356     0.00194947      
  5            3            1            0.588434     0.001105        
  5            3            2            0.922352     0.0011759       
  1            4            1            0.265161     0.00124428      
  1            4            2            -0.128704    0.00125262      
  1            4            3            -0.0729201   0.0012299       
  2            4            1            0.0000       0.0000          
  2            4            2            0.0680943    0.00143317      
  2            4            3            0.211633     0.00151769      
  2            4            4            -0.105606    0.00127133      
  2            4            5            -0.0875972   0.00229618      
  2            4            6            0.482822     0.00164798      
  2            4            7            -0.114902    0.00128689      
  3            4            1            0.0898278    0.00159399      
  3            4            2            0.28538      0.00131472      
  3            4            3            0.185045     0.00179974      
  3            4            4            0.267143     0.00194285      
  3            4            5            0.388156     0.00133331      
  3            4            6            0.466667     3.332e-09       
  4            4            1            0.263628     0.00133883      
  4            4            2            0.582281     0.00319613      
  4            4            3            0.209043     0.00196712      
  4            4            4            0.131987     0.00219258      
  4            4            5            0.433942     0.00168456      
  4            4            6            0.439057     0.00144733      
  5            4            1            0.565837     0.00113495      
  5            4            2            0.061512     0.00169516      
  1            5            1            0.589408     0.00146055      
  1            5            2            0.512157     0.00106224      
  1            5            3            0.54478      0.0015228       
  2            5            1            0.0000       0.0000          
  2            5            2            -0.0355322   0.00133877      
  2            5            3            0.398282     0.00126373      
  2            5            4            -1.39544     0.00112916      
  2            5            5            -1.09858     0.00116685      
  2            5            6            -1.26796     0.00143208      
  2            5            7            -1.10816     0.00119018      
  3            5            1            0.505827     0.00109585      
  3            5            2            0.618848     0.00111195      
  3            5            3            0.631074     0.00102537      
  3            5            4            0.8307       0.00108837      
  3            5            5            0.66627      0.00119025      
  4            5            1            0.578075     0.00119324      
  4            5            2            0.701058     0.00117588      
  4            5            3            0.477168     0.00102782      
  4            5            4            0.596853     0.00133328      
  4            5            5            0.784797     0.00107054      
  1            6            1            0.0000       0.0000          
  1            6            2            0.0000       0.0000          
  1            6            3            0.0000       0.0000          
  2            6            1            0.0000       0.0000          
  2            6            2            0.0000       0.0000          
  2            6            3            0.0000       0.0000          
  2            6            4            0.0000       0.0000          
  2            6            5            0.0000       0.0000          
  2            6            6            0.0000       0.0000          
  2            6            7            0.0000       0.0000          
  3            6            1            0.0000       0.0000          
  3            6            2            0.0000       0.0000          
  3            6            3            0.0000       0.0000          
  3            6            4            0.0000       0.0000          
  3            6            5            0.0000       0.0000          
  3            6            6            0.0000       0.0000          
  4            6            1            0.0000       0.0000          
  4            6            2            0.0000       0.0000          
  4            6            3            0.0000       0.0000          
  4            6            4            0.0000       0.0000          
  4            6            5            0.0000       0.0000          
  4            6            6            0.0000       0.0000          
  5            6            1            0.0000       0.0000          
  5            6            2            0.0000       0.0000          
