  1            1            1            -0.491904     0.00202969       
  1            1            2            -0.491904     0.00202969       
  1            1            3            -0.491904     0.00202969       
  2            1            1            -0.491904     0.00202969       
  2            1            2            -0.491904     0.00202969       
  2            1            3            -0.491904     0.00202969       
  2            1            4            -0.491904     0.00202969       
  2            1            5            -0.491904     0.00202969       
  2            1            6            -0.491904     0.00202969       
  2            1            7            -0.491904     0.00202969       
  3            1            1            -0.491904     0.00202969       
  3            1            2            -0.491904     0.00202969       
  3            1            3            -0.491904     0.00202969       
  3            1            4            -0.491904     0.00202969       
  3            1            5            -0.491904     0.00202969       
  3            1            6            -0.491904     0.00202969       
  4            1            1            -0.491904     0.00202969       
  4            1            2            -0.491904     0.00202969       
  4            1            3            -0.491904     0.00202969       
  4            1            4            -0.491904     0.00202969       
  4            1            5            -0.491904     0.00202969       
  4            1            6            -0.491904     0.00202969       
  5            1            1            -0.491904     0.00202969       
  5            1            2            -0.491904     0.00202969       
  1            2            1            0.267319      0.00152859       
  1            2            2            0.267319      0.00152859       
  1            2            3            0.267319      0.00152859       
  2            2            1            0.267319      0.00152859       
  2            2            2            0.267319      0.00152859       
  2            2            3            0.267319      0.00152859       
  2            2            4            0.267319      0.00152859       
  2            2            5            0.267319      0.00152859       
  2            2            6            0.267319      0.00152859       
  2            2            7            0.267319      0.00152859       
  3            2            1            0.267319      0.00152859       
  3            2            2            0.267319      0.00152859       
  3            2            3            0.267319      0.00152859       
  3            2            4            0.267319      0.00152859       
  3            2            5            0.267319      0.00152859       
  3            2            6            0.267319      0.00152859       
  4            2            1            0.267319      0.00152859       
  4            2            2            0.267319      0.00152859       
  4            2            3            0.267319      0.00152859       
  4            2            4            0.267319      0.00152859       
  4            2            5            0.267319      0.00152859       
  4            2            6            0.267319      0.00152859       
  5            2            1            0.267319      0.00152859       
  5            2            2            0.267319      0.00152859       
  1            3            1            0.155188      0.00175276       
  1            3            2            0.155188      0.00175276       
  1            3            3            0.155188      0.00175276       
  2            3            1            0.155188      0.00175276       
  2            3            2            0.155188      0.00175276       
  2            3            3            0.155188      0.00175276       
  2            3            4            0.155188      0.00175276       
  2            3            5            0.155188      0.00175276       
  2            3            6            0.155188      0.00175276       
  2            3            7            0.155188      0.00175276       
  3            3            1            0.155188      0.00175276       
  3            3            2            0.155188      0.00175276       
  3            3            3            0.155188      0.00175276       
  3            3            4            0.155188      0.00175276       
  3            3            5            0.155188      0.00175276       
  3            3            6            0.155188      0.00175276       
  4            3            1            0.155188      0.00175276       
  4            3            2            0.155188      0.00175276       
  4            3            3            0.155188      0.00175276       
  4            3            4            0.155188      0.00175276       
  4            3            5            0.155188      0.00175276       
  4            3            6            0.155188      0.00175276       
  5            3            1            0.155188      0.00175276       
  5            3            2            0.155188      0.00175276       
  1            4            1            0.0903232     0.00183621       
  1            4            2            0.0903232     0.00183621       
  1            4            3            0.0903232     0.00183621       
  2            4            1            0.0903232     0.00183621       
  2            4            2            0.0903232     0.00183621       
  2            4            3            0.0903232     0.00183621       
  2            4            4            0.0903232     0.00183621       
  2            4            5            0.0903232     0.00183621       
  2            4            6            0.0903232     0.00183621       
  2            4            7            0.0903232     0.00183621       
  3            4            1            0.0903232     0.00183621       
  3            4            2            0.0903232     0.00183621       
  3            4            3            0.0903232     0.00183621       
  3            4            4            0.0903232     0.00183621       
  3            4            5            0.0903232     0.00183621       
  3            4            6            0.0903232     0.00183621       
  4            4            1            0.0903232     0.00183621       
  4            4            2            0.0903232     0.00183621       
  4            4            3            0.0903232     0.00183621       
  4            4            4            0.0903232     0.00183621       
  4            4            5            0.0903232     0.00183621       
  4            4            6            0.0903232     0.00183621       
  5            4            1            0.0903232     0.00183621       
  5            4            2            0.0903232     0.00183621       
  1            5            1            0.0000        0.0000           
  1            5            2            0.0000        0.0000           
  1            5            3            0.0000        0.0000           
  2            5            1            0.0000        0.0000           
  2            5            2            0.0000        0.0000           
  2            5            3            0.0000        0.0000           
  2            5            4            0.0000        0.0000           
  2            5            5            0.0000        0.0000           
  2            5            6            0.0000        0.0000           
  2            5            7            0.0000        0.0000           
  3            5            1            0.0000        0.0000           
  3            5            2            0.0000        0.0000           
  3            5            3            0.0000        0.0000           
  3            5            4            0.0000        0.0000           
  3            5            5            0.0000        0.0000           
  4            5            1            0.0000        0.0000           
  4            5            2            0.0000        0.0000           
  4            5            3            0.0000        0.0000           
  4            5            4            0.0000        0.0000           
  4            5            5            0.0000        0.0000           
  1            6            1            0.0000        0.0000           
  1            6            2            0.0000        0.0000           
  1            6            3            0.0000        0.0000           
  2            6            1            0.0000        0.0000           
  2            6            2            0.0000        0.0000           
  2            6            3            0.0000        0.0000           
  2            6            4            0.0000        0.0000           
  2            6            5            0.0000        0.0000           
  2            6            6            0.0000        0.0000           
  2            6            7            0.0000        0.0000           
  3            6            1            0.0000        0.0000           
  3            6            2            0.0000        0.0000           
  3            6            3            0.0000        0.0000           
  3            6            4            0.0000        0.0000           
  3            6            5            0.0000        0.0000           
  3            6            6            0.0000        0.0000           
  4            6            1            0.0000        0.0000           
  4            6            2            0.0000        0.0000           
  4            6            3            0.0000        0.0000           
  4            6            4            0.0000        0.0000           
  4            6            5            0.0000        0.0000           
  4            6            6            0.0000        0.0000           
  5            6            1            0.0000        0.0000           
  5            6            2            0.0000        0.0000           
