  1            1            1            -2.53954      0.00199318       
  1            1            2            -1.56454      0.00219858       
  1            1            3            -1.97998      0.00234983       
  2            1            1            0.0000        0.0000           
  2            1            2            0.199273      0.0010754        
  2            1            3            1.01661       0.00124164       
  2            1            4            -0.262047     0.00187981       
  2            1            5            -0.744956     0.0021517        
  2            1            6            0.454159      0.00176461       
  2            1            7            1.1809        0.00218963       
  3            1            1            15.2831       0.00177565       
  3            1            2            12.9448       0.00146859       
  3            1            3            10.5354       0.00162529       
  3            1            4            11.5529       0.00187287       
  3            1            5            2.32767       0.00181171       
  3            1            6            13.3369       0.00125473       
  4            1            1            7.34131       0.00155723       
  4            1            2            13.5757       0.00128003       
  4            1            3            13.121        0.00129233       
  4            1            4            2.43468       0.00198562       
  4            1            5            3.28162       0.00237824       
  4            1            6            14.2893       0.00209667       
  5            1            1            1.52492       0.00234975       
  5            1            2            0.617917      0.0010727        
  1            2            1            -1.07472      0.00147779       
  1            2            2            -2.48338      0.00159868       
  1            2            3            -1.60547      0.00145256       
  2            2            1            0.0000        0.0000           
  2            2            2            -0.468604     0.00131047       
  2            2            3            -0.175037     0.00104983       
  2            2            4            -0.876358     0.00158849       
  2            2            5            -0.882881     0.00125532       
  2            2            6            -0.204531     0.00119573       
  2            2            7            0.439364      0.00131027       
  3            2            1            4.29103       0.00369095       
  3            2            2            12.1546       0.00189742       
  3            2            3            4.04644       0.00157753       
  3            2            4            3.60746       0.00113082       
  3            2            5            8.65771       0.00124738       
  3            2            6            11.5571       0.00129716       
  4            2            1            3.88593       0.00135188       
  4            2            2            9.51591       0.00101851       
  4            2            3            3.23936       0.00268          
  4            2            4            10.324        0.00185901       
  4            2            5            6.3443        0.00290553       
  4            2            6            10.0639       0.00282917       
  5            2            1            0.703247      0.00103234       
  5            2            2            -0.236315     0.00169127       
  1            3            1            -1.00571      0.00205158       
  1            3            2            -1.7028       0.00247835       
  1            3            3            -1.08171      0.0015771        
  2            3            1            0.0000        0.0000           
  2            3            2            0.444735      0.00263892       
  2            3            3            0.203282      0.00216019       
  2            3            4            0.343246      0.00122247       
  2            3            5            -0.594821     0.00165983       
  2            3            6            0.570658      0.00122996       
  2            3            7            0.472958      0.0023217        
  3            3            1            10.5265       0.00133847       
  3            3            2            11.1413       0.00146167       
  3            3            3            6.84457       0.00156843       
  3            3            4            7.14407       0.00116944       
  3            3            5            3.33972       0.00142624       
  3            3            6            8.40151       0.00168637       
  4            3            1            8.74971       0.00188756       
  4            3            2            4.03919       0.0014381        
  4            3            3            6.48637       0.00102086       
  4            3            4            6.38679       0.00117054       
  4            3            5            11.9096       0.00109059       
  4            3            6            5.92614       0.0018689        
  5            3            1            0.930799      0.00204121       
  5            3            2            -0.42615      0.00121689       
  1            4            1            -2.0035       0.00148048       
  1            4            2            -1.10248      0.00149551       
  1            4            3            -0.522362     0.0019957        
  2            4            1            0.0000        0.0000           
  2            4            2            0.885355      0.00151244       
  2            4            3            0.905145      0.00240613       
  2            4            4            -0.00651909   0.00199706       
  2            4            5            -0.552009     0.00226367       
  2            4            6            0.359421      0.00234826       
  2            4            7            -0.430282     0.00151124       
  3            4            1            5.82127       0.00141584       
  3            4            2            8.71135       0.00153468       
  3            4            3            5.9169        0.00219442       
  3            4            4            2.55842       0.00269975       
  3            4            5            1.45501       0.00139823       
  3            4            6            3.71805       0.00127879       
  4            4            1            8.78266       0.00107188       
  4            4            2            9.00942       0.00372593       
  4            4            3            6.78558       0.00227545       
  4            4            4            5.3239        0.00231553       
  4            4            5            8.5306        0.00207419       
  4            4            6            2.50941       0.00195041       
  5            4            1            0.862111      0.0019137        
  5            4            2            0.931528      0.00186206       
  1            5            1            -0.794549     0.00228382       
  1            5            2            -0.552914     0.00224458       
  1            5            3            -0.593707     0.00320392       
  2            5            1            0.0000        0.0000           
  2            5            2            1.38308       0.00110703       
  2            5            3            2.03973       0.00198284       
  2            5            4            0.93929       0.00179171       
  2            5            5            -0.183465     0.00220144       
  2            5            6            0.322606      0.00250907       
  2            5            7            -0.991095     0.0020331        
  3            5            1            -7.11192      0.00127308       
  3            5            2            -7.497        0.00111954       
  3            5            3            -7.58805      0.00151247       
  3            5            4            -7.87418      0.00194417       
  3            5            5            -8.88616      0.00138052       
  4            5            1            -7.62587      0.00188966       
  4            5            2            -8.42018      0.0018337        
  4            5            3            -6.29933      0.00144427       
  4            5            4            -7.54392      0.00268357       
  4            5            5            -6.23641      0.00100548       
  1            6            1            0.0000        0.0000           
  1            6            2            0.0000        0.0000           
  1            6            3            0.0000        0.0000           
  2            6            1            0.0000        0.0000           
  2            6            2            0.0000        0.0000           
  2            6            3            0.0000        0.0000           
  2            6            4            0.0000        0.0000           
  2            6            5            0.0000        0.0000           
  2            6            6            0.0000        0.0000           
  2            6            7            0.0000        0.0000           
  3            6            1            0.0000        0.0000           
  3            6            2            0.0000        0.0000           
  3            6            3            0.0000        0.0000           
  3            6            4            0.0000        0.0000           
  3            6            5            0.0000        0.0000           
  3            6            6            0.0000        0.0000           
  4            6            1            0.0000        0.0000           
  4            6            2            0.0000        0.0000           
  4            6            3            0.0000        0.0000           
  4            6            4            0.0000        0.0000           
  4            6            5            0.0000        0.0000           
  4            6            6            0.0000        0.0000           
  5            6            1            0.0000        0.0000           
  5            6            2            0.0000        0.0000           
